Device 0: Microsoft LifeChat LX-3000: USB Audio (hw:1,0)
Found an input: device 0 - Microsoft LifeChat LX-3000: USB Audio (hw:1,0)
5
5
5
5
6
7
5
4
4
4
4
4
4
4
4
4
5
5
4
4
4
5
4
4
4
4
4
4
4
7
6
4
4
4
4
4
4
4
4
4
4
4
4
4
4
5
14
44
18
7
5
4
4
4
4
4
4
4
5
5
4
4
4
5
4
5
4
4
5
4
5
5
8
7
5
5
5
5
5
5
5
5
5
5
5
4
4
4
4
100
50
20
10
6
5
5
4
5
5
4
4
4
4
4
5
4
4
4
4
6
5
6
5
4
4
5
5
5
5
5
5
5
5
5
5
20
41
14
7
5
5
5
5
5
5
5
5
5
5
5
5
5
5
5
5
5
5
5
5
5
5
5
6
107
59
23
10
7
6
5
5
5
5
5
5
5
4
5
4
6
5
4
5
5
4
5
5
5
5
5
4
5
4
5
name 'e' is not defined
